38
2 1.0 2.5 -1e-8
2 2.0 2.5 -1e-8
2 3.0 2.5 -1e-8
2 4.0 2.5 -1e-8
2 5.0 2.5 -1e-8
2 6.0 2.5 -1e-8
2 7.0 2.5 -1e-8
2 8.0 2.5 -1e-8
2 9.0 2.5 -1e-8
2 0.5 2.5 -1e-8
2 1.5 2.5 -1e-8
2 2.5 2.5 -1e-8
2 3.5 2.5 -1e-8
2 4.5 2.5 -1e-8
2 5.5 2.5 -1e-8
2 6.5 2.5 -1e-8
2 7.5 2.5 -1e-8
2 8.5 2.5 -1e-8
2 9.5 2.5 -1e-8
2 1.0 3.5 1e-8
2 2.0 3.5 1e-8
2 3.0 3.5 1e-8
2 4.0 3.5 1e-8
2 5.0 3.5 1e-8
2 6.0 3.5 1e-8
2 7.0 3.5 1e-8
2 8.0 3.5 1e-8
2 9.0 3.5 1e-8
2 0.5 3.5 1e-8
2 1.5 3.5 1e-8
2 2.5 3.5 1e-8
2 3.5 3.5 1e-8
2 4.5 3.5 1e-8
2 5.5 3.5 1e-8
2 6.5 3.5 1e-8
2 7.5 3.5 1e-8
2 8.5 3.5 1e-8
2 9.5 3.5 1e-8